Modified:
HT matrix: 
 0.642788         0  0.766044         0
-0.766044         0  0.642788        -0
        0        -1         0     0.152
        0         0         0         1

a=0.224 alpha=0 d=0.12 theta=-0.872665
HT matrix: 
 0.642788 -0.766044        -0  0.143984
-0.766044 -0.642788        -0 -0.171594
        0         0        -1      0.12
        0         0         0         1

a=0.213 alpha=0 d=-0.093 theta=1.53589
HT matrix: 
 0.0348995   0.999391          0 0.00743359
  0.999391 -0.0348995         -0    0.21287
         0          0         -1     -0.093
         0          0          0          1

a=0 alpha=-1 d=0.083 theta=-3.14159
HT matrix: 
          -1           -0 -8.74228e-08           -0
 8.74228e-08           -0           -1            0
           0           -1            0        0.083
           0            0            0            1

a=0 alpha=1 d=0.083 theta=-0.907571
HT matrix: 
 0.615662 -0.788011        -0         0
-0.788011 -0.615662        -0        -0
        0         0        -1     0.083
        0         0         0         1

a=0.055 alpha=2 d=0.158 theta=0.488692
HT matrix: 
 0.882948  0.469472         0 0.0485621
 0.469472 -0.882948        -0 0.0258209
        0         0        -1     0.158
        0         0         0         1
T=
 0.837356  0.337405 -0.430109  0.295867
 0.534167 -0.672252  0.512584  0.192159
-0.116193 -0.658965 -0.743145  0.515464