Original:
a=0 alpha=-1.5708 d=0.152 theta=-0.872665
HT matrix: 
    0.642788 -3.34849e-08     0.766044            0
   -0.766044 -2.80971e-08     0.642788           -0
           0           -1 -4.37114e-08        0.152
           0            0            0            1

a=0.224 alpha=0 d=0.12 theta=-0.872665
HT matrix: 
 0.642788  0.766044        -0  0.143984
-0.766044  0.642788        -0 -0.171594
        0         0         1      0.12
        0         0         0         1

a=0.213 alpha=0 d=-0.093 theta=1.53589
HT matrix: 
 0.0348995  -0.999391          0 0.00743359
  0.999391  0.0348995         -0    0.21287
         0          0          1     -0.093
         0          0          0          1

a=0 alpha=-1.5708 d=0.083 theta=-3.14159
HT matrix: 
          -1  3.82137e-15 -8.74228e-08           -0
 8.74228e-08  4.37114e-08           -1            0
           0           -1 -4.37114e-08        0.083
           0            0            0            1

a=0 alpha=1.5708 d=0.083 theta=-0.907571
HT matrix: 
    0.615662  -3.4445e-08    -0.788011            0
   -0.788011 -2.69114e-08    -0.615662           -0
           0            1 -4.37114e-08        0.083
           0            0            0            1

a=0.055 alpha=3.14159 d=0.158 theta=0.488692
HT matrix: 
    0.882948     0.469472 -4.10425e-08    0.0485621
    0.469472    -0.882948  7.71897e-08    0.0258209
           0 -8.74228e-08           -1        0.158
           0            0            0            1
T=
 0.443436 -0.212424  -0.87077  0.479523
 0.553963  0.828694  0.079944 -0.189478
  0.70462 -0.517824  0.485148  0.219964
        0         0         0         1